idx	label	predict	radius	correct	time
0	153	828	2.36	0	0:00:13.423716
1	87	390	3.2	0	0:00:11.558512
2	113	490	0.152	0	0:00:11.579102
3	41	390	3.2	0	0:00:11.595013
4	64	390	3.2	0	0:00:11.607821
5	86	390	0.987	0	0:00:11.627271
6	146	397	0.841	0	0:00:11.639330
7	199	904	2.6	0	0:00:11.655661
8	70	490	3.2	0	0:00:11.664091
9	148	490	1.68	0	0:00:11.683567
10	188	390	2.49	0	0:00:11.698165
11	32	397	0.572	0	0:00:11.701985
12	16	390	0.202	0	0:00:11.697239
13	155	397	0.317	0	0:00:11.698973
14	90	390	3.11	0	0:00:11.700143
15	187	390	2.82	0	0:00:11.698167
16	190	390	0.397	0	0:00:11.698209
17	168	490	1.79	0	0:00:11.695709
18	48	390	2.37	0	0:00:11.701624
19	191	390	1.77	0	0:00:11.701014
20	55	490	2.67	0	0:00:11.696986
21	54	390	2.35	0	0:00:11.694218
22	110	599	0.147	0	0:00:11.695666
23	105	390	1.61	0	0:00:11.691658
24	23	390	0.693	0	0:00:11.695491
25	144	390	2.49	0	0:00:11.695224
26	6	904	2.35	0	0:00:11.692556
27	52	490	3.2	0	0:00:11.690667
28	165	828	1.06	0	0:00:11.696299
29	118	390	2.11	0	0:00:11.689561
30	4	904	3.2	0	0:00:11.692841
31	182	828	1.92	0	0:00:11.688934
32	66	56	3.2	0	0:00:11.692940
33	165	411	0.446	0	0:00:11.695246
34	129	397	3.2	0	0:00:11.693359
35	181	490	3.2	0	0:00:11.687904
36	4	390	0.505	0	0:00:11.691293
37	53	390	3.2	0	0:00:11.694441
38	31	390	2.5	0	0:00:11.692912
39	128	397	1.95	0	0:00:11.695825
40	124	390	3.2	0	0:00:11.691609
41	27	828	0.122	0	0:00:11.691490
42	194	390	3.06	0	0:00:11.694443
43	103	390	3.2	0	0:00:11.692855
44	19	390	0.441	0	0:00:11.693804
45	172	828	2.05	0	0:00:11.694506
46	184	390	3.2	0	0:00:11.690772
47	157	397	2.3	0	0:00:11.693374
48	187	828	0.696	0	0:00:11.691884
49	40	904	1.92	0	0:00:11.689496
50	66	490	3.2	0	0:00:11.688563
51	103	828	2.4	0	0:00:11.689582
52	67	390	0.307	0	0:00:11.690180
53	8	904	1.94	0	0:00:11.689684
54	107	397	1.04	0	0:00:11.690547
55	50	390	3.2	0	0:00:11.690483
56	189	904	1.91	0	0:00:11.694387
57	70	904	0.923	0	0:00:11.687753
58	81	390	3.11	0	0:00:11.690478
59	139	390	2.13	0	0:00:11.693215
60	92	390	1.58	0	0:00:11.690134
61	1	390	0.119	0	0:00:11.691573
62	199	599	2.35	0	0:00:11.691448
63	23	390	3.2	0	0:00:11.691893
64	43	599	2.47	0	0:00:11.690219
65	93	828	1.05	0	0:00:11.692240
66	122	828	3.2	0	0:00:11.690500
67	48	490	3.2	0	0:00:11.686721
68	5	599	3.2	0	0:00:11.690393
69	171	828	2.8	0	0:00:11.694740
70	84	390	1.79	0	0:00:11.689384
71	32	904	2.35	0	0:00:11.690250
72	105	904	0.00201	0	0:00:11.686971
73	39	390	2.54	0	0:00:11.686618
74	183	599	3.2	0	0:00:11.690242
75	197	390	3.11	0	0:00:11.686480
76	101	904	0.217	0	0:00:11.689027
77	147	490	2.8	0	0:00:11.692002
78	121	815	2.54	0	0:00:11.689183
79	120	599	3.2	0	0:00:11.685829
80	199	828	2.13	0	0:00:11.692364
81	34	390	3.2	0	0:00:11.688842
82	195	397	1.94	0	0:00:11.689159
83	123	828	3.2	0	0:00:11.684636
84	157	397	2.3	0	0:00:11.690398
85	58	390	2.94	0	0:00:11.689292
86	170	397	2.15	0	0:00:11.688598
87	69	397	3.2	0	0:00:11.687842
88	58	390	2.78	0	0:00:11.690558
89	166	397	1.07	0	0:00:11.690246
90	21	904	2.58	0	0:00:11.686590
91	188	397	3.06	0	0:00:11.688368
92	155	390	1.5	0	0:00:11.689244
93	111	490	3.2	0	0:00:11.686053
94	7	828	1.85	0	0:00:11.690030
95	147	490	3.2	0	0:00:11.685080
96	25	-1	0.0	0	0:00:11.690973
97	155	390	2.31	0	0:00:11.688443
98	69	599	3.01	0	0:00:11.688924
99	191	390	0.939	0	0:00:11.688841
