idx	label	predict	radius	correct	time
0	153	258	0.384	0	0:00:13.760286
1	87	87	0.384	1	0:00:11.545574
2	113	113	0.384	1	0:00:11.568577
3	41	41	0.384	1	0:00:11.578732
4	64	64	0.384	1	0:00:11.586557
5	86	83	0.224	0	0:00:11.624038
6	146	146	0.384	1	0:00:11.601505
7	199	183	0.161	0	0:00:11.611266
8	70	111	0.384	0	0:00:11.618370
9	148	148	0.384	1	0:00:11.623248
10	188	188	0.384	1	0:00:11.627168
11	32	32	0.384	1	0:00:11.631397
12	16	16	0.086	1	0:00:11.632087
13	155	219	0.384	0	0:00:11.633680
14	90	90	0.384	1	0:00:11.636634
15	187	259	0.063	0	0:00:11.635714
16	190	190	0.384	1	0:00:11.635789
17	168	259	0.384	0	0:00:11.637996
18	48	123	0.384	0	0:00:11.643077
19	191	296	0.384	0	0:00:11.641182
20	55	55	0.384	1	0:00:11.637273
21	54	63	0.384	0	0:00:11.638351
22	110	110	0.384	1	0:00:11.642938
23	105	373	0.197	0	0:00:11.643271
24	23	21	0.125	0	0:00:11.640345
25	144	144	0.384	1	0:00:11.642053
26	6	6	0.384	1	0:00:11.641794
27	52	52	0.384	1	0:00:11.640842
28	165	240	0.384	0	0:00:11.644614
29	118	118	0.384	1	0:00:11.644179
30	4	2	0.384	0	0:00:11.637057
31	182	607	0.384	0	0:00:11.641037
32	66	66	0.384	1	0:00:11.640223
33	165	182	0.267	0	0:00:11.641250
34	129	129	0.384	1	0:00:11.637978
35	181	258	0.384	0	0:00:11.641579
36	4	4	0.384	1	0:00:11.639367
37	53	354	0.384	0	0:00:11.639180
38	31	31	0.384	1	0:00:11.641998
39	128	128	0.384	1	0:00:11.640926
40	124	133	0.384	0	0:00:11.642243
41	27	27	0.384	1	0:00:11.641597
42	194	194	0.384	1	0:00:11.642836
43	103	103	0.384	1	0:00:11.639301
44	19	19	0.384	1	0:00:11.643130
45	172	172	0.384	1	0:00:11.643202
46	184	274	0.0288	0	0:00:11.642837
47	157	157	0.384	1	0:00:11.642374
48	187	187	0.384	1	0:00:11.644956
49	40	318	0.384	0	0:00:11.642577
50	66	58	0.384	0	0:00:11.640573
51	103	103	0.384	1	0:00:11.640976
52	67	68	0.384	0	0:00:11.640700
53	8	8	0.384	1	0:00:11.643130
54	107	107	0.384	1	0:00:11.642379
55	50	62	0.384	0	0:00:11.641655
56	189	188	0.384	0	0:00:11.642403
57	70	70	0.384	1	0:00:11.639647
58	81	81	0.384	1	0:00:11.640402
59	139	139	0.384	1	0:00:11.642946
60	92	92	0.384	1	0:00:11.644181
61	1	1	0.384	1	0:00:11.641087
62	199	199	0.384	1	0:00:11.642302
63	23	366	0.384	0	0:00:11.641737
64	43	253	0.0181	0	0:00:11.643244
65	93	16	0.384	0	0:00:11.644334
66	122	122	0.384	1	0:00:11.641491
67	48	861	0.166	0	0:00:11.641015
68	5	901	0.384	0	0:00:11.640631
69	171	171	0.384	1	0:00:11.640912
70	84	522	0.384	0	0:00:11.639630
71	32	27	0.384	0	0:00:11.640742
72	105	105	0.384	1	0:00:11.643172
73	39	364	0.384	0	0:00:11.640338
74	183	206	0.384	0	0:00:11.639655
75	197	233	0.384	0	0:00:11.638900
76	101	101	0.384	1	0:00:11.637038
77	147	146	0.384	0	0:00:11.640961
78	121	121	0.384	1	0:00:11.642493
79	120	28	0.338	0	0:00:11.660160
80	199	237	0.384	0	0:00:11.640494
81	34	149	0.384	0	0:00:11.636511
82	195	232	0.384	0	0:00:11.637187
83	123	111	0.384	0	0:00:11.634933
84	157	157	0.384	1	0:00:11.637756
85	58	53	0.291	0	0:00:11.640467
86	170	169	0.384	0	0:00:11.638299
87	69	126	0.384	0	0:00:11.638343
88	58	53	0.3	0	0:00:11.638617
89	166	166	0.384	1	0:00:11.638920
90	21	21	0.384	1	0:00:11.634603
91	188	188	0.384	1	0:00:11.638537
92	155	155	0.367	1	0:00:11.640004
93	111	669	0.326	0	0:00:11.641173
94	7	7	0.384	1	0:00:11.640213
95	147	147	0.384	1	0:00:11.636358
96	25	28	0.0368	0	0:00:11.642335
97	155	155	0.384	1	0:00:11.640905
98	69	69	0.336	1	0:00:11.642726
99	191	191	0.384	1	0:00:11.640949
