idx	label	predict	radius	correct	time
0	153	258	0.8	0	0:00:13.637288
1	87	87	0.8	1	0:00:11.566985
2	113	113	0.8	1	0:00:11.576020
3	41	41	0.8	1	0:00:11.581080
4	64	64	0.8	1	0:00:11.588417
5	86	83	0.355	0	0:00:11.609980
6	146	146	0.8	1	0:00:11.614866
7	199	183	0.172	0	0:00:11.621429
8	70	111	0.271	0	0:00:11.618392
9	148	148	0.8	1	0:00:11.620372
10	188	188	0.8	1	0:00:11.626570
11	32	32	0.8	1	0:00:11.632496
12	16	16	0.355	1	0:00:11.635489
13	155	219	0.61	0	0:00:11.642107
14	90	90	0.8	1	0:00:11.640208
15	187	259	0.0626	0	0:00:11.639576
16	190	190	0.8	1	0:00:11.642673
17	168	259	0.8	0	0:00:11.637984
18	48	123	0.527	0	0:00:11.642466
19	191	296	0.0506	0	0:00:11.645198
20	55	55	0.8	1	0:00:11.645525
21	54	63	0.8	0	0:00:11.644863
22	110	110	0.8	1	0:00:11.646959
23	105	373	0.00935	0	0:00:11.645925
24	23	21	0.385	0	0:00:11.645038
25	144	144	0.8	1	0:00:11.647783
26	6	6	0.667	1	0:00:11.670473
27	52	52	0.8	1	0:00:11.648026
28	165	240	0.684	0	0:00:11.651011
29	118	118	0.8	1	0:00:11.650929
30	4	2	0.8	0	0:00:11.648525
31	182	607	0.8	0	0:00:11.650289
32	66	66	0.8	1	0:00:11.647684
33	165	182	0.189	0	0:00:11.647150
34	129	129	0.8	1	0:00:11.648318
35	181	258	0.8	0	0:00:11.648325
36	4	4	0.8	1	0:00:11.649344
37	53	354	0.8	0	0:00:11.649902
38	31	31	0.8	1	0:00:11.650849
39	128	128	0.8	1	0:00:11.650662
40	124	133	0.398	0	0:00:11.650482
41	27	27	0.8	1	0:00:11.651556
42	194	194	0.8	1	0:00:11.651784
43	103	103	0.8	1	0:00:11.651378
44	19	19	0.8	1	0:00:11.653210
45	172	172	0.8	1	0:00:11.652407
46	184	-1	0.0	0	0:00:11.650721
47	157	157	0.8	1	0:00:11.651438
48	187	187	0.8	1	0:00:11.652320
49	40	318	0.8	0	0:00:11.652480
50	66	58	0.594	0	0:00:11.652179
51	103	103	0.8	1	0:00:11.649984
52	67	68	0.691	0	0:00:11.649626
53	8	8	0.743	1	0:00:11.651693
54	107	107	0.8	1	0:00:11.652105
55	50	62	0.596	0	0:00:11.652442
56	189	188	0.8	0	0:00:11.649946
57	70	70	0.8	1	0:00:11.650668
58	81	81	0.8	1	0:00:11.650705
59	139	139	0.8	1	0:00:11.650119
60	92	92	0.8	1	0:00:11.652322
61	1	1	0.8	1	0:00:11.650654
62	199	199	0.8	1	0:00:11.650419
63	23	366	0.8	0	0:00:11.653310
64	43	-1	0.0	0	0:00:11.652750
65	93	16	0.8	0	0:00:11.652848
66	122	122	0.8	1	0:00:11.652249
67	48	861	0.1	0	0:00:11.649685
68	5	901	0.8	0	0:00:11.648356
69	171	171	0.8	1	0:00:11.652044
70	84	522	0.8	0	0:00:11.650109
71	32	27	0.8	0	0:00:11.649103
72	105	105	0.8	1	0:00:11.652408
73	39	364	0.8	0	0:00:11.653359
74	183	206	0.778	0	0:00:11.652718
75	197	233	0.8	0	0:00:11.646978
76	101	101	0.8	1	0:00:11.650614
77	147	146	0.715	0	0:00:11.653037
78	121	121	0.8	1	0:00:11.653052
79	120	67	0.0074	0	0:00:11.654687
80	199	237	0.8	0	0:00:11.657522
81	34	149	0.618	0	0:00:11.658590
82	195	232	0.8	0	0:00:11.664349
83	123	111	0.8	0	0:00:11.661889
84	157	157	0.8	1	0:00:11.665840
85	58	53	0.193	0	0:00:11.669183
86	170	169	0.8	0	0:00:11.669159
87	69	126	0.623	0	0:00:11.667839
88	58	53	0.196	0	0:00:11.670658
89	166	166	0.8	1	0:00:11.667472
90	21	21	0.8	1	0:00:11.662293
91	188	188	0.8	1	0:00:11.663523
92	155	155	0.505	1	0:00:11.665116
93	111	-1	0.0	0	0:00:11.667927
94	7	7	0.8	1	0:00:11.666458
95	147	147	0.8	1	0:00:11.661617
96	25	25	0.616	1	0:00:11.662471
97	155	155	0.8	1	0:00:11.659930
98	69	69	0.548	1	0:00:11.661785
99	191	191	0.8	1	0:00:11.661589
