idx	label	predict	radius	correct	time
0	tensor([153])	828	3.2	0	0:00:13.494771
1	tensor([87])	904	3.2	0	0:00:11.639771
2	tensor([113])	904	3.2	0	0:00:11.649716
3	tensor([41])	828	3.2	0	0:00:11.659554
4	tensor([64])	904	3.2	0	0:00:11.684806
5	tensor([86])	828	1.78	0	0:00:11.693202
6	tensor([146])	828	3.2	0	0:00:11.708705
7	tensor([199])	904	3.2	0	0:00:11.715788
8	tensor([70])	904	3.2	0	0:00:11.713891
9	tensor([148])	828	1.5	0	0:00:11.716444
10	tensor([188])	828	3.2	0	0:00:11.719134
11	tensor([32])	828	3.2	0	0:00:11.717106
12	tensor([16])	828	3.2	0	0:00:11.713820
13	tensor([155])	828	3.11	0	0:00:11.720213
14	tensor([90])	904	2.11	0	0:00:11.717633
15	tensor([187])	828	0.84	0	0:00:11.715332
16	tensor([190])	828	0.937	0	0:00:11.715434
17	tensor([168])	828	3.2	0	0:00:11.715719
18	tensor([48])	828	3.2	0	0:00:11.714942
19	tensor([191])	828	3.2	0	0:00:11.715716
20	tensor([55])	828	3.2	0	0:00:11.716011
21	tensor([54])	828	3.2	0	0:00:11.714480
22	tensor([110])	828	3.2	0	0:00:11.712500
23	tensor([105])	904	3.2	0	0:00:11.712566
24	tensor([23])	828	3.2	0	0:00:11.713997
25	tensor([144])	828	3.2	0	0:00:11.714194
26	tensor([6])	828	3.2	0	0:00:11.711800
27	tensor([52])	828	3.2	0	0:00:11.712927
28	tensor([165])	828	1.43	0	0:00:11.714314
29	tensor([118])	828	3.2	0	0:00:11.714725
30	tensor([4])	828	3.2	0	0:00:11.709205
31	tensor([182])	904	3.2	0	0:00:11.713333
32	tensor([66])	828	3.2	0	0:00:11.712469
33	tensor([165])	828	3.2	0	0:00:11.714221
34	tensor([129])	904	2.12	0	0:00:11.713534
35	tensor([181])	828	3.2	0	0:00:11.716152
36	tensor([4])	904	3.2	0	0:00:11.712859
37	tensor([53])	828	3.2	0	0:00:11.714052
38	tensor([31])	828	3.2	0	0:00:11.714347
39	tensor([128])	828	3.2	0	0:00:11.715673
40	tensor([124])	904	3.2	0	0:00:11.715656
41	tensor([27])	904	1.93	0	0:00:11.714940
42	tensor([194])	828	3.2	0	0:00:11.716413
43	tensor([103])	904	0.831	0	0:00:11.715041
44	tensor([19])	828	3.2	0	0:00:11.718664
45	tensor([172])	828	3.2	0	0:00:11.717347
46	tensor([184])	904	3.2	0	0:00:11.716292
47	tensor([157])	828	3.2	0	0:00:11.715417
48	tensor([187])	828	1.33	0	0:00:11.716565
49	tensor([40])	904	2.4	0	0:00:11.710331
50	tensor([66])	904	3.2	0	0:00:11.714216
51	tensor([103])	904	3.2	0	0:00:11.712985
52	tensor([67])	828	3.2	0	0:00:11.715840
53	tensor([8])	828	3.2	0	0:00:11.714715
54	tensor([107])	828	3.2	0	0:00:11.714165
55	tensor([50])	828	1.16	0	0:00:11.714767
56	tensor([189])	828	3.2	0	0:00:11.717806
57	tensor([70])	530	3.2	0	0:00:11.711680
58	tensor([81])	828	3.2	0	0:00:11.715149
59	tensor([139])	904	3.2	0	0:00:11.715738
60	tensor([92])	904	3.2	0	0:00:11.714738
61	tensor([1])	828	3.2	0	0:00:11.717448
62	tensor([199])	530	0.317	0	0:00:11.711894
63	tensor([23])	904	3.2	0	0:00:11.717317
64	tensor([43])	828	3.2	0	0:00:11.717445
65	tensor([93])	828	2.08	0	0:00:11.716797
66	tensor([122])	828	3.2	0	0:00:11.716730
67	tensor([48])	828	3.2	0	0:00:11.715038
68	tensor([5])	828	3.2	0	0:00:11.715420
69	tensor([171])	828	3.06	0	0:00:11.718876
70	tensor([84])	904	1.98	0	0:00:11.718166
71	tensor([32])	-1	0.0	0	0:00:11.713055
72	tensor([105])	828	3.2	0	0:00:11.715844
73	tensor([39])	904	1.63	0	0:00:11.714419
74	tensor([183])	-1	0.0	0	0:00:11.716442
75	tensor([197])	828	3.2	0	0:00:11.715501
76	tensor([101])	828	3.2	0	0:00:11.718210
77	tensor([147])	828	3.2	0	0:00:11.713094
78	tensor([121])	828	3.2	0	0:00:11.715876
79	tensor([120])	904	2.82	0	0:00:11.717441
80	tensor([199])	904	3.2	0	0:00:11.715039
81	tensor([34])	828	1.66	0	0:00:11.716083
82	tensor([195])	828	3.2	0	0:00:11.715844
83	tensor([123])	971	2.27	0	0:00:11.707822
84	tensor([157])	828	3.2	0	0:00:11.714937
85	tensor([58])	828	1.37	0	0:00:11.714177
86	tensor([170])	828	3.2	0	0:00:11.716417
87	tensor([69])	828	3.2	0	0:00:11.717418
88	tensor([58])	828	1.38	0	0:00:11.718291
89	tensor([166])	828	3.2	0	0:00:11.717492
90	tensor([21])	828	3.2	0	0:00:11.712677
91	tensor([188])	828	3.2	0	0:00:11.716753
92	tensor([155])	828	3.2	0	0:00:11.717968
93	tensor([111])	828	3.2	0	0:00:11.711794
94	tensor([7])	904	3.2	0	0:00:11.714912
95	tensor([147])	828	3.2	0	0:00:11.713323
96	tensor([25])	828	3.2	0	0:00:11.716962
97	tensor([155])	-1	0.0	0	0:00:11.717403
98	tensor([69])	828	3.2	0	0:00:11.716967
99	tensor([191])	828	3.2	0	0:00:11.716143
