idx	label	predict	radius	correct	time
0	tensor([153])	828	0.384	0	0:00:13.713188
1	tensor([87])	606	0.384	0	0:00:11.676026
2	tensor([113])	828	0.28	0	0:00:11.688493
3	tensor([41])	546	0.384	0	0:00:11.707328
4	tensor([64])	607	0.106	0	0:00:11.727122
5	tensor([86])	626	0.341	0	0:00:11.740205
6	tensor([146])	530	0.319	0	0:00:11.748481
7	tensor([199])	530	0.169	0	0:00:11.769303
8	tensor([70])	92	0.00223	0	0:00:11.776486
9	tensor([148])	409	0.384	0	0:00:11.779733
10	tensor([188])	530	0.384	0	0:00:11.782501
11	tensor([32])	530	0.367	0	0:00:11.779585
12	tensor([16])	530	0.384	0	0:00:11.778726
13	tensor([155])	530	0.384	0	0:00:11.780320
14	tensor([90])	619	0.311	0	0:00:11.791750
15	tensor([187])	530	0.384	0	0:00:11.782901
16	tensor([190])	530	0.384	0	0:00:11.784471
17	tensor([168])	530	0.384	0	0:00:11.785289
18	tensor([48])	828	0.302	0	0:00:11.787681
19	tensor([191])	530	0.384	0	0:00:11.785151
20	tensor([55])	870	0.0251	0	0:00:11.790669
21	tensor([54])	619	0.384	0	0:00:11.788734
22	tensor([110])	530	0.384	0	0:00:11.787467
23	tensor([105])	644	0.00777	0	0:00:11.789276
24	tensor([23])	409	0.384	0	0:00:11.786720
25	tensor([144])	530	0.384	0	0:00:11.787453
26	tensor([6])	530	0.384	0	0:00:11.780383
27	tensor([52])	110	0.341	0	0:00:11.796172
28	tensor([165])	530	0.384	0	0:00:11.788434
29	tensor([118])	530	0.384	0	0:00:11.784330
30	tensor([4])	409	0.384	0	0:00:11.776085
31	tensor([182])	530	0.384	0	0:00:11.790210
32	tensor([66])	530	0.384	0	0:00:11.783075
33	tensor([165])	530	0.384	0	0:00:11.785592
34	tensor([129])	644	0.322	0	0:00:11.786549
35	tensor([181])	530	0.384	0	0:00:11.788380
36	tensor([4])	409	0.384	0	0:00:11.785753
37	tensor([53])	530	0.384	0	0:00:11.787034
38	tensor([31])	530	0.384	0	0:00:11.794145
39	tensor([128])	530	0.384	0	0:00:11.784152
40	tensor([124])	110	0.384	0	0:00:11.792519
41	tensor([27])	546	0.384	0	0:00:11.788993
42	tensor([194])	546	0.384	0	0:00:11.795658
43	tensor([103])	530	0.384	0	0:00:11.779839
44	tensor([19])	530	0.384	0	0:00:11.783881
45	tensor([172])	530	0.384	0	0:00:11.788951
46	tensor([184])	607	0.384	0	0:00:11.793393
47	tensor([157])	530	0.384	0	0:00:11.784226
48	tensor([187])	530	0.384	0	0:00:11.792582
49	tensor([40])	971	0.384	0	0:00:11.782086
50	tensor([66])	110	0.177	0	0:00:11.789138
51	tensor([103])	530	0.384	0	0:00:11.778137
52	tensor([67])	644	0.384	0	0:00:11.790834
53	tensor([8])	530	0.384	0	0:00:11.785497
54	tensor([107])	530	0.384	0	0:00:11.789177
55	tensor([50])	409	0.384	0	0:00:11.787940
56	tensor([189])	530	0.384	0	0:00:11.784765
57	tensor([70])	530	0.384	0	0:00:11.771254
58	tensor([81])	530	0.384	0	0:00:11.781339
59	tensor([139])	409	0.131	0	0:00:11.783688
60	tensor([92])	409	0.384	0	0:00:11.789034
61	tensor([1])	720	0.384	0	0:00:11.789800
62	tensor([199])	530	0.384	0	0:00:11.780971
63	tensor([23])	546	0.384	0	0:00:11.791403
64	tensor([43])	530	0.384	0	0:00:11.787159
65	tensor([93])	530	0.384	0	0:00:11.780558
66	tensor([122])	530	0.279	0	0:00:11.785524
67	tensor([48])	409	0.384	0	0:00:11.793171
68	tensor([5])	530	0.384	0	0:00:11.782262
69	tensor([171])	530	0.384	0	0:00:11.776846
70	tensor([84])	736	0.293	0	0:00:11.790781
71	tensor([32])	530	0.384	0	0:00:11.782919
72	tensor([105])	626	0.384	0	0:00:11.788802
73	tensor([39])	530	0.367	0	0:00:11.789347
74	tensor([183])	530	0.384	0	0:00:11.782205
75	tensor([197])	530	0.384	0	0:00:11.787732
76	tensor([101])	818	0.384	0	0:00:11.791661
77	tensor([147])	823	0.384	0	0:00:11.788555
78	tensor([121])	409	0.384	0	0:00:11.787631
79	tensor([120])	607	0.384	0	0:00:11.789253
80	tensor([199])	971	0.384	0	0:00:11.781617
81	tensor([34])	530	0.353	0	0:00:11.788488
82	tensor([195])	818	0.239	0	0:00:11.791227
83	tensor([123])	530	0.384	0	0:00:11.767352
84	tensor([157])	530	0.384	0	0:00:11.783026
85	tensor([58])	600	0.0271	0	0:00:11.793255
86	tensor([170])	530	0.384	0	0:00:11.786468
87	tensor([69])	530	0.384	0	0:00:11.784863
88	tensor([58])	600	0.029	0	0:00:11.793269
89	tensor([166])	530	0.384	0	0:00:11.788948
90	tensor([21])	530	0.384	0	0:00:11.775357
91	tensor([188])	828	0.384	0	0:00:11.789253
92	tensor([155])	530	0.384	0	0:00:11.780948
93	tensor([111])	828	0.145	0	0:00:11.786572
94	tensor([7])	971	0.384	0	0:00:11.784252
95	tensor([147])	895	0.384	0	0:00:11.783216
96	tensor([25])	530	0.384	0	0:00:11.784975
97	tensor([155])	818	0.384	0	0:00:11.789222
98	tensor([69])	530	0.384	0	0:00:11.786613
99	tensor([191])	530	0.384	0	0:00:11.783330
