idx	label	predict	radius	correct	time
0	tensor([153])	828	0.8	0	0:00:13.734907
1	tensor([87])	606	0.397	0	0:00:11.683244
2	tensor([113])	828	0.8	0	0:00:11.703387
3	tensor([41])	546	0.8	0	0:00:11.721591
4	tensor([64])	917	0.065	0	0:00:11.745661
5	tensor([86])	619	0.402	0	0:00:11.761689
6	tensor([146])	828	0.063	0	0:00:11.775114
7	tensor([199])	409	0.287	0	0:00:11.814731
8	tensor([70])	70	0.238	1	0:00:11.831959
9	tensor([148])	409	0.8	0	0:00:11.832849
10	tensor([188])	530	0.467	0	0:00:11.860982
11	tensor([32])	530	0.452	0	0:00:11.873936
12	tensor([16])	530	0.8	0	0:00:11.878381
13	tensor([155])	530	0.8	0	0:00:11.891925
14	tensor([90])	619	0.8	0	0:00:11.917012
15	tensor([187])	530	0.8	0	0:00:11.931700
16	tensor([190])	530	0.8	0	0:00:12.011923
17	tensor([168])	530	0.68	0	0:00:12.073129
18	tensor([48])	828	0.764	0	0:00:12.095969
19	tensor([191])	530	0.8	0	0:00:12.081697
20	tensor([55])	-1	0.0	0	0:00:12.078625
21	tensor([54])	619	0.8	0	0:00:12.174309
22	tensor([110])	530	0.8	0	0:00:12.103827
23	tensor([105])	971	0.0252	0	0:00:12.115228
24	tensor([23])	409	0.8	0	0:00:12.073416
25	tensor([144])	530	0.8	0	0:00:12.034487
26	tensor([6])	530	0.8	0	0:00:12.034366
27	tensor([52])	110	0.331	0	0:00:12.245384
28	tensor([165])	530	0.8	0	0:00:12.215356
29	tensor([118])	530	0.8	0	0:00:12.189685
30	tensor([4])	409	0.8	0	0:00:12.222132
31	tensor([182])	530	0.778	0	0:00:12.350261
32	tensor([66])	530	0.8	0	0:00:12.390268
33	tensor([165])	530	0.8	0	0:00:12.379976
34	tensor([129])	409	0.0804	0	0:00:12.262170
35	tensor([181])	530	0.149	0	0:00:12.262110
36	tensor([4])	409	0.8	0	0:00:12.203723
37	tensor([53])	530	0.8	0	0:00:12.104191
38	tensor([31])	530	0.778	0	0:00:12.145167
39	tensor([128])	530	0.8	0	0:00:12.185819
40	tensor([124])	110	0.696	0	0:00:12.263589
41	tensor([27])	546	0.8	0	0:00:12.298141
42	tensor([194])	546	0.8	0	0:00:12.232485
43	tensor([103])	530	0.8	0	0:00:12.234571
44	tensor([19])	530	0.8	0	0:00:12.231491
45	tensor([172])	530	0.8	0	0:00:12.222268
46	tensor([184])	607	0.8	0	0:00:12.210772
47	tensor([157])	530	0.8	0	0:00:12.293055
48	tensor([187])	530	0.8	0	0:00:12.292020
49	tensor([40])	971	0.8	0	0:00:12.200841
50	tensor([66])	110	0.696	0	0:00:12.215034
51	tensor([103])	530	0.753	0	0:00:12.307404
52	tensor([67])	644	0.8	0	0:00:12.193622
53	tensor([8])	530	0.8	0	0:00:12.310005
54	tensor([107])	530	0.8	0	0:00:12.301496
55	tensor([50])	409	0.8	0	0:00:12.444002
56	tensor([189])	530	0.8	0	0:00:12.314582
57	tensor([70])	530	0.8	0	0:00:12.253330
58	tensor([81])	530	0.8	0	0:00:12.183614
59	tensor([139])	409	0.356	0	0:00:12.139817
60	tensor([92])	409	0.8	0	0:00:12.265596
61	tensor([1])	720	0.436	0	0:00:12.478365
62	tensor([199])	530	0.8	0	0:00:12.356502
63	tensor([23])	546	0.47	0	0:00:12.272291
64	tensor([43])	530	0.8	0	0:00:12.139190
65	tensor([93])	530	0.8	0	0:00:12.119795
66	tensor([122])	-1	0.0	0	0:00:12.082027
67	tensor([48])	409	0.504	0	0:00:12.086517
68	tensor([5])	530	0.8	0	0:00:12.075395
69	tensor([171])	530	0.8	0	0:00:12.143615
70	tensor([84])	619	0.0237	0	0:00:12.222209
71	tensor([32])	530	0.8	0	0:00:12.185469
72	tensor([105])	626	0.8	0	0:00:12.192666
73	tensor([39])	409	0.103	0	0:00:12.037388
74	tensor([183])	530	0.8	0	0:00:12.076178
75	tensor([197])	530	0.539	0	0:00:12.046659
76	tensor([101])	818	0.0124	0	0:00:12.081810
77	tensor([147])	823	0.8	0	0:00:12.090960
78	tensor([121])	409	0.8	0	0:00:12.085452
79	tensor([120])	607	0.8	0	0:00:12.084766
80	tensor([199])	971	0.8	0	0:00:12.045748
81	tensor([34])	971	0.677	0	0:00:12.032053
82	tensor([195])	530	0.269	0	0:00:12.071038
83	tensor([123])	530	0.8	0	0:00:12.093473
84	tensor([157])	530	0.8	0	0:00:12.108389
85	tensor([58])	546	0.27	0	0:00:12.013140
86	tensor([170])	530	0.163	0	0:00:11.972050
87	tensor([69])	530	0.8	0	0:00:12.064117
88	tensor([58])	546	0.269	0	0:00:12.073630
89	tensor([166])	530	0.8	0	0:00:12.069286
90	tensor([21])	530	0.8	0	0:00:12.142525
91	tensor([188])	828	0.8	0	0:00:12.111477
92	tensor([155])	530	0.8	0	0:00:12.024485
93	tensor([111])	828	0.8	0	0:00:12.028184
94	tensor([7])	971	0.8	0	0:00:12.031878
95	tensor([147])	895	0.8	0	0:00:12.081624
96	tensor([25])	530	0.8	0	0:00:12.090116
97	tensor([155])	818	0.778	0	0:00:12.098396
98	tensor([69])	530	0.778	0	0:00:12.098338
99	tensor([191])	530	0.8	0	0:00:12.092443
